&title=critical line
&smsg_6=
&wholebpm=128
&des_6=RTR
&artist=neco
&first=1.6
&lv_6=6
&demo_seek=
&demo_len=
&bg=bg.jpg
&track=track.mp3
&inote_6=
(128)
{8},1-5[4:12],,1,,1,,1,,1,,1,,1,,1,,1,,1,,1,,1,,1,,1,,1,,1,,1,5,2,6,3,7,4,8,5,1,4,8,3,7,2,6,
{16}1,8,2,7,3,6,4,5,3,4,2,5,1,6,8,7,
{32}1,2,3,4,5,6,7,8,1,2,3,4,5,6,7,8,1,2,3,4,5,6,7,8,1b/5b,,,,,,,,,
{16}4,5,4,6,4,5,4,7,4,5,4,8,4,3,2,1,8,1,8,2,8,1,8,3,8,1,8,4,8,7,6,5,4,5,4,6,4,5,4,7,4,5,4,8,4,3,2,1,8,1,8,1,
{16}2/7,,3/6,,
{16}4-1[8:1]/5-8[8:1],,,,4/5,,,,
{16}4,5,5,5,3,5,5,5,2,5,5,5,1,5,1,1,8,1,1,1,7,1,1,1,6,1,1,1,5,1,5,5,4,6,4,6,3,7,3,7,2,8,2,8,1,1,1,1,2h[4:1]/8h[4:1],,,,,,,,1w5[8:1],,,,1b,,,,
{16}1-5[8:5]/8,,2,8,3,7,4,6,3,7,2,6,1,,,,8-4[8:5]/1,,7,1,6,2,5,3,6,2,7,1,8,,1,,3/6,,5,5,4,4,3,3,2,2,1,7,5,3,1,,1/2,,8/3,,7/4,,6/5,,
{12}4-8[8:1]/5-1[8:1],,4/5,,,,
{16}8/2,,1,1,2,2,3,3,4,5,6,7,8,,,,1/7,,8,8,7,7,6,6,5,4,3,2,1-4[64:1]/8-5[64:1],,1/8,,
{16}3/6,,4,5,4,5,4,3,2,1,8,7,6,5,4/2,,2/7,,1/3,,6/8,,2/7,,2/7,,1/8,2/7,,,4,,4/5,,,,
{16}2-5[8:1]/7,,,,2/7-4[8:1],,,,7/1>4[8:1],,,,1/8<5[8:1],,,,8/4v7[8:1],,,,4/5v2[8:1],,,,5/2-6[8:1],,,,2/7-3[8:1],,,,7/3v1[8:1],,,,3/6v8[8:1],,,,6/8-3[8:1],,,,8/5-2[8:1],,,,5/4-7[8:1],,,,2/4-1[8:1],,,,4/6,,,,
{16}1-5[8:3]/8,,1,8,1,7,1,6,1,5,1,4,1,,,,1/8-4[8:3],,8,1,8,2,8,3,8,4,8,5,8,
{8},,,,,,,,,,,,,,,,,,,,,,,,,,,,,,,,,,,,,,,,,,,,,,,,,,,,,,,,,,,,,,,,,,,,,,,,,,,,,,,,,,,,,,,,,,,,,,,,,,,,,,,,,,,,,,,,,,,,,,,,,,,,,,,,,,,,,,,,,,,,,,,,,,,,,,,,,,,,,,,,,,,,,,,,,,,,,,,,,,,,,,,,,,,,,,,,,,,,,,,,,1,